01 00 ab ac                    | -> 0e 00 eb 4f 49 31 32 33 34 35 36 2d 31 32 33 34 bd
01 00 aa ab                    | -> 03 00 ea 01 99 87
02 00 ac 01 af                 | -> 03 00 ec 01 00 f0
01 00 74 75                    | -> 03 00 b4 75 00 2c
04 00 73 01 00 fb 73           | -> 03 00 b3 01 00 b7
04 00 73 02 30 ec 95           | -> 03 00 b3 02 00 b8
02 00 73 04 79                 | -> 03 00 b3 04 00 ba
02 00 82 02 86                 | -> 03 00 c2 02 00 c7
04 00 73 02 50 e7 b0           | -> 03 00 b3 02 00 b8
04 00 73 02 00 fb 74           | -> 03 00 b3 02 00 b8
02 00 20 07 29                 | -> 03 00 60
                               | -> 07 00 6a
                    	       |
                    	       |
06 00 02 81 11 f1 81 04 10     | -> 03 00 42 81 00 c6
                    	       |
                    	       |
		               | -> 08 00 fb
			       | -> 83 f1 11 c1 ef 8f c4 8b
07 00 01 82 11 f1 1a 81 1f 46  | -> 03 00 41 82 00 c6
                    	       |
                    	       |
		    	       | -> 2a 00 fb a5 f1
			       | -> 11 5a 81 04 90 6f 62 03 98 6a 03 99 44 03 92 6f 03 91 6b
			       | -> 03 94 64 03 95 02 03 96 66 03 97 66 03 9a 02 03 9b 68 ff
			       | -> 07 33
                    	       |
                    	       |
07 00 01 82 11 f1 1a 80 1e 44  | -> 03 00 41 82 00 c6
                    	       |
                    	       |
		               | -> 5d 00 fb 80 f1 11
			       | -> 57 5a 80 57 30 4c 30 4a 42 46 31 39 59 31 31 36 36 36
			       | -> 39 34 54 37 31 32 36 38 39 36 33 34 20 25 02 06 44 45 4c
			       | -> 20 20 30 31 30 39 33 35 35 32 38 39 30 39 33 35 35 39 30
			       | -> 39 20 44 4a 43 59 4e 42 00 02 44 39 38 30 30 34 58 31
			       | -> 34 58 45 20 09 81 50 31 32 39 39 41 30 31 f2 3c
                    	       |
                    	       |
07 00 01 82 11 f1 21 01 a6 54  | -> 03 00 41 82 00
                               | -> c6
                    	       |
                    	       |
                               | -> 37 00 fb b2 f1 11 61 01 00 00 00
			       | -> 00 00 00 00 fc 7f 00 4d 6c 4b 8a 0e 09 00 00 00 00 00 22 00 00 02 93 1a 45 52 66 80 12
			       | -> 80 00 00 2e 00 00 82 04 80 30 a2 00 00 00 00 28 44 ba
                    	       |
                    	       |
07 00 01 82 11 f1 21 01 a6 54  | -> 03 00 41 82 00 c6
                    	       |
                    	       |
                               | -> 37 00 fb b2 f1 11 61 01 00 00 00 00 00 00 00
			       | -> fc 7f 00 4d 6c 4b 8a 0e 09 00 00 00 00 00 22 00 00 02 93
			       | -> 1a 45 52 66 80 12 80 00 00 2e 00 00 82 04 80 30 a2 00
			       | -> 00 00 00 28 44 ba
                    	       |
                    	       |
07 00 01 82 11 f1 21 01 a6 54  | -> 03 00 41 82 00 c6
                    	       |
                    	       |
			       | -> 37 00 fb b2 f1 11 61 01 00 00 00
			       | -> 00 00 00 00 fc 7f 00 4d 6c 4b 8a 0e 09 00 00 00 00 00
			       | -> 22 00 00 02 93 1a 45 52 66 80 12 80 00 00 2e 00 00 82
			       | -> 04 80 30 a2 00 00 00 00 28 44 ba
                    	       |
                    	       |
07 00 01 82 11 f1 21 01 a6 54  | -> 03 00 41 82 00 c6
                               |
                               |
                               | -> 37 00 fb b2 f1 11 61 01 00 00 00 00 00 00 00 fc 7f
			       | -> 00 4d 6c 4b 8a 0e 09 00 00 00 00 00 22 00 00 02 93 1a
			       | -> 45 52 66 80 12 80 00 00 2e 00 00 82 04 80 30 a2 00 00
			       | -> 00 00 28 44 ba
                               |
                               |
07 00 01 82 11 f1 21 01 a6 54  | -> 03 00 41 82 00 c6
                               |
                               |
                               | -> 37 00 fb b2
			       | -> f1 11 61 01 00 00 00 00 00 00 00 fc 7f 00 4d 6c 4b 8a
			       | -> 0e 09 00 00 00 00 00 4f 51 00 02 93 1f 45 52 66 80 0c
			       | -> 80 00 00 2e 00 00 82 04 80 30 a2 00 00 00 00 28 c1 b4
